1 44387U 19038A   19273.18553806 -.00000035  00000-0  33891-5 0  9993
2 44387  98.5797 234.0152 0001713 151.4465 208.6808 14.23334367 12368
1 44387U 19038A   19273.46672789 -.00000037  00000-0  26646-5 0  9998
2 44387  98.5797 234.2894 0001728 150.8774 209.2502 14.23334372 12404
1 44387U 19038A   19273.81821518 -.00000037  00000-0  25491-5 0  9990
2 44387  98.5798 234.6321 0001748 150.2434 209.8844 14.23334374 12455
1 44387U 19038A   19273.88851264 -.00000041 +00000-0 +85552-6 0  9998
2 44387 098.5798 234.7007 0001751 150.0797 210.0482 14.23334369012468
1 44387U 19038A   19274.09940502 -.00000040  00000-0  10857-5 0  9990
2 44387  98.5799 234.9063 0001767 149.6404 210.4877 14.23334364 12499
1 44387U 19038A   19274.52118974 -.00000037  00000-0  26217-5 0  9991
2 44387  98.5799 235.3176 0001787 148.7845 211.3440 14.23334387 12558
1 44387U 19038A   19274.80237954 -.00000037  00000-0  25141-5 0  9997
2 44387  98.5800 235.5918 0001794 148.3918 211.7368 14.23334397 12590
1 44387U 19038A   19274.87267700 -.00000036 +00000-0 +28702-5 0  9991
2 44387 098.5800 235.6604 0001799 148.2742 211.8545 14.23334405012602
1 44387U 19038A   19275.22416426 -.00000028  00000-0  65116-5 0  9993
2 44387  98.5801 236.0031 0001823 147.4072 212.7220 14.23334438 12658
1 44387U 19038A   19275.43505663 -.00000028  00000-0  65018-5 0  9999
2 44387  98.5801 236.2088 0001830 147.0311 213.0982 14.23334441 12688
1 44387U 19038A   19275.50535408 -.00000028  00000-0  65286-5 0  9994
2 44387  98.5802 236.2773 0001834 146.8708 213.2586 14.23334435 12697
1 44387U 19038A   19275.71624645 -.00000028  00000-0  66286-5 0  9990
2 44387  98.5802 236.4830 0001845 146.4983 213.6313 14.23334428 12724
1 44387U 19038A   19276.34892355 -.00000024  00000-0  81934-5 0  9998
2 44387  98.5804 237.0999 0001879 145.2574 214.8728 14.23334457 12814
1 44387U 19038A   19276.77070831 -.00000024  00000-0  83393-5 0  9993
2 44387  98.5804 237.5112 0001896 144.2970 215.8335 14.23334445 12872
1 44387U 19038A   19276.84100577 -.00000024  00000-0  82048-5 0  9998
2 44387  98.5804 237.5798 0001899 144.1738 215.9568 14.23334449 12880
1 44387U 19038A   19276.91130322 -.00000023 +00000-0 +89433-5 0  9991
2 44387 098.5805 237.6483 0001903 144.0629 216.0678 14.23334459012893
1 44387U 19038A   19277.19249306 -.00000022  00000-0  90414-5 0  9995
2 44387  98.5805 237.9225 0001919 143.3590 216.7720 14.23334453 12930
1 44387U 19038A   19277.47368289 -.00000022  00000-0  91912-5 0  9992
2 44387  98.5806 238.1967 0001935 142.8081 217.3232 14.23334463 12974
1 44387U 19038A   19277.89546761 -.00000021  00000-0  96157-5 0  9996
2 44387  98.5807 238.6081 0001954 142.0502 218.0814 14.23334482 13031
1 44387U 19038A   19278.17665742 -.00000024  00000-0  81508-5 0  9996
2 44387  98.5807 238.8823 0001971 141.4539 218.6781 14.23334480 13070
1 44387U 19038A   19278.45784721 -.00000023  00000-0  87796-5 0  9990
2 44387  98.5808 239.1565 0001983 140.9623 219.1699 14.23334499 13118
1 44387U 19038A   19278.87963188 -.00000020  00000-0  10207-4 0  9991
2 44387  98.5808 239.5678 0001999 140.2445 219.8880 14.23334535 13175
1 44387U 19038A   19279.16082167 -.00000018  00000-0  11167-4 0  9996
2 44387  98.5809 239.8420 0002016 139.6438 220.4891 14.23334549 13219
1 44387U 19038A   19279.51230889 -.00000018  00000-0  10823-4 0  9999
2 44387  98.5810 240.1848 0002031 138.9639 221.1693 14.23334564 13262
1 44387U 19038A   19279.79349868 -.00000024  00000-0  83792-5 0  9990
2 44387  98.5810 240.4590 0002042 138.4880 221.6454 14.23334555 13309
1 44387U 19038A   19279.86379612 -.00000024 +00000-0 +82049-5 0  9992
2 44387 098.5810 240.5276 0002045 138.3634 221.7701 14.23334562013315
1 44387U 19038A   19280.14498591 -.00000023  00000-0  88766-5 0  9994
2 44387  98.5811 240.8018 0002060 137.8099 222.3239 14.23334564 13358
1 44387U 19038A   19280.49647313 -.00000022  00000-0  92111-5 0  9998
2 44387  98.5812 241.1446 0002076 137.0615 223.0726 14.23334585 13409
1 44387U 19038A   19280.84796035 -.00000018  00000-0  10893-4 0  9994
2 44387  98.5812 241.4874 0002091 136.4409 223.6935 14.23334612 13452
1 44387U 19038A   19280.98855525 -.00000033  00000-0  44747-5 0  9992
2 44387  98.5797 241.6216 0001723 135.9094 224.2215 14.23334422 13470
1 44387U 19038A   19281.19944760 -.00000021  00000-0  97449-5 0  9990
2 44387  98.5813 241.8302 0002112 135.6718 224.4630 14.23334604 13509
1 44387U 19038A   19281.48063737 -.00000029  00000-0  61696-5 0  9991
2 44387  98.5796 242.1011 0001776 134.4889 225.6430 14.23334480 13548
1 44387U 19038A   19281.55093483 -.00000023  00000-0  87865-5 0  9990
2 44387  98.5813 242.1729 0002127 134.9368 225.1984 14.23334603 13559
1 44387U 19038A   19281.83212460 -.00000024  00000-0  81254-5 0  9996
2 44387  98.5804 242.4444 0001914 135.0383 225.0953 14.23334505 13598
1 44387U 19038A   19281.90242204 -.00000022 +00000-0 +93935-5 0  9990
2 44387 098.5814 242.5157 0002143 134.3840 225.7515 14.23334634013602
1 44387U 19038A   19282.04301694 -.00000024  00000-0  85466-5 0  9997
2 44387  98.5797 242.6494 0001845 134.0563 226.0767 14.23334536 13620
1 44387U 19038A   19282.18361181 -.00000018  00000-0  10822-4 0  9995
2 44387  98.5815 242.7899 0002157 133.7972 226.3385 14.23334649 13644
1 44387U 19038A   19282.46480159 -.00000025  00000-0  80295-5 0  9993
2 44387  98.5815 243.0642 0002167 133.2557 226.8803 14.23334647 13681
1 44387U 19038A   19282.53509903 -.00000033  00000-0  41425-5 0  9991
2 44387  98.5800 243.1296 0001896 133.1809 226.9512 14.23334397 13699
1 44387U 19038A   19282.60539647 -.00000031  00000-0  51123-5 0  9991
2 44387  98.5800 243.1983 0001981 134.2007 225.9321 14.23334405 13708
1 44387U 19038A   19282.74599136 -.00000032  00000-0  49298-5 0  9996
2 44387  98.5801 243.3354 0002013 133.8245 226.3087 14.23334404 13724
1 44387U 19038A   19282.88658621 -.00000029  00000-0  61708-5 0  9992
2 44387  98.5802 243.4728 0002050 134.9599 225.1742 14.23334454 13748
1 44387U 19038A   19282.88658622 -.00000032  00000-0  47157-5 0  9999
2 44387  98.5815 243.4755 0002180 132.5582 227.5781 14.23334648 13746
1 44387U 19038A   19283.16777597 -.00000032  00000-0  49286-5 0  9999
2 44387  98.5816 243.7498 0002194 131.9970 228.1395 14.23334656 13784
1 44387U 19038A   19283.37866827 -.00000029  00000-0  61546-5 0  9996
2 44387  98.5817 243.9554 0002206 131.6094 228.5274 14.23334690 13810
1 44387U 19038A   19283.73015544 -.00000029  00000-0  63506-5 0  9996
2 44387  98.5817 244.2982 0002217 130.9532 229.1839 14.23334695 13864
1 44387U 19038A   19283.80045287 -.00000029  00000-0  61405-5 0  9997
2 44387  98.5817 244.3668 0002220 130.8327 229.3044 14.23334702 13871
1 44387U 19038A   19283.87075030 -.00000029 +00000-0 +60267-5 0  9998
2 44387 098.5817 244.4353 0002222 130.7224 229.4148 14.23334709013884
1 44387U 19038A   19284.08164261 -.00000028  00000-0  65503-5 0  9994
2 44387  98.5818 244.6410 0002231 130.2756 229.8618 14.23334712 13910
1 44387U 19038A   19284.50342724 -.00000035  00000-0  35618-5 0  9995
2 44387  98.5819 245.0524 0002251 129.4455 230.6923 14.23334700 13972
1 44387U 19038A   19284.78461698 -.00000013  00000-0  13297-4 0  9991
2 44387  98.5804 245.3236 0002061 130.0094 230.1263 14.23334691 14012
1 44387U 19038A   19284.92521182 -.00000030 +00000-0 +56298-5 0  9990
2 44387 098.5819 245.4638 0002264 128.7752 231.3629 14.23334737014037
